6001
6056
4002
3003
2010
3004
5005
7006
6007
5008
2009
6059
3011
3012
7013
4014
3015
1016
3017
2018
4019
4020
2021
5023
4029
5030
4031
2024
6025
6026
6027
6028
6032
1089
5033
3034
1035
3036
2037
3132
3038
4127
5039
7040
4041
5042
5043
6044
1045
5046
5047
5048
4049
5050
1051
1052
4054
4055
6057
4058
1134
1133
1129
4060
3061
8063
3062
6064
5065
4066
5135
4067
5068
3069
3070
1071
3072
5073
1130
5074
1075
1076
1077
5078
1079
1080
1081
5082
4083
7084
5119
6120
5090
5123
6022
4085
6086
2087
5088
3128
6091
3131
3092
2093
5094
4095
2096
7097
6098
7099
6100
2101
2102
2103
5104
1105
1106
1053
2107
2108
3109
0000
1110
5111
7112
1113
5116
6114
4115
6117
1118
6126
7121
1122
6124
2125